4
29
32
16
3
-0.92780066
2.0732408
-1.4154651
0.502092
0.42175895
-1.1222711
1.1463364
0.79785424
-1.4713299
-1.468782
3.1277287E-4
-1.2169716
0.32462227
0.03550759
0.7112634
1.8625804
0.12683359
1.5745504
-1.6963139
0.15513864
1.4450291
2.0020626
0.9124625
-1.9276687
-1.2977631
1.2482736
-0.031793322
-0.36249664
0.94112265
-0.15792488
0.48431513
-0.6526262
-1.9661416
0.18336645
-0.24631178
0.31296766
0.9948645
0.12685859
-1.1451035
0.07134032
-0.16492926
-0.7040303
0.31856126
-0.87189656
-0.49124146
1.1653352
-0.5891963
-0.15409993
-0.9005819
1.3260202
0.36576563
-0.6139537
-0.1376786
0.5465672
-0.6122613
0.45088542
1.107111
0.54517967
-2.4079413
0.3767498
1.1221402
-1.1122555
2.2465358
0.8872766
0.78745997
1.1980892
0.115359716
1.194436
0.30865055
-0.8389183
-0.27418247
1.1243199
-1.4754351
-0.54056245
2.2445152
1.9799526
-0.4034917
-0.34343594
0.9381947
0.32827032
-2.243953
-0.18634474
0.63092864
0.85603744
-0.58229905
-1.4831208
1.3112596
-0.5818303
-0.06683304
-1.230571
-2.511922
0.13781853
1.6206048
-0.22332661
0.44561556
1.3854856
0.23941284
-1.2470076
-0.07656518
0.19074377
0.2072024
0.09406716
0.7087329
-0.07802158
-0.87484074
-1.050089
1.0482109
-1.3333019
0.832398
1.5837026
-0.5338162
-0.23456404
0.5727287
-0.495637
0.24060668
2.3119345
0.07337212
-1.2095975
1.6608719
-0.3436751
1.8173385
-0.24285302
0.6707488
0.21914935
-0.040923573
0.014991658
-1.4799612
-0.9262479
-0.29879963
0.044104762
-1.7694341
1.6268965
0.6510379
0.067598335
-0.544841
1.1273372
0.927033
0.10997359
0.19952342
0.15898143
1.2932489
1.372207
-0.75800157
1.0878884
1.7280061
1.8385465
1.0381149
0.36818495
1.9121755
-0.7738806
-1.1404476
0.81096566
1.4803152
-0.043886643
-0.8404334
1.0827888
1.2231858
-2.8871899
0.26512253
0.3812611
-1.0585282
-0.18061002
1.1637208
-0.6240391
0.79802614
-0.98417926
0.4209587
-1.2504535
-0.635459
-2.0098088
0.12055535
-0.45871225
0.30270514
-0.20407702
-0.8173249
1.3017666
1.3991356
2.1970716
-0.525333
-0.06793923
0.88826513
1.7063011
-0.18846945
0.20810503
1.1165146
0.16249873
0.6206844
-0.64636946
0.2536797
0.36043793
1.7968104
-1.0101749
0.42312792
0.21892191
8.022591E-4
0.78046703
0.24769963
-0.5749604
-0.27753174
0.32399577
0.8889127
1.6355748
0.76831126
0.021603001
2.191576
1.8216788
0.02240419
0.8701343
0.50439155
0.55731046
-0.24554925
1.5352906
-0.37510216
0.13968113
-1.3518676
-0.01032417
-0.4456813
0.28314847
-0.10613967
0.13953206
0.50688964
-0.8166198
-0.07096478
0.49520835
-1.3654548
0.40242282
1.1297411
1.6110299
2.0357034
-0.8157731
-0.557224
-0.042016197
1.0563828
-0.040417843
-0.73068947
0.1989158
-1.1326785
1.8515682
1.3651277
0.0032840914
0.06737342
1.0730671
-0.9300373
1.1023207
-0.4767865
0.5377203
-0.54272026
-0.17860891
-0.35262886
1.1334141
0.23653191
0.9386999
0.625396
-1.0611765
0.17342599
-1.999398
0.06701391
-0.33463597
0.7961105
-0.03689486
0.23308459
-0.45542505
1.0734936
0.17972061
0.70327884
-0.52122444
0.4844164
-0.74363303
2.2076077
0.517969
-0.51225686
0.91648644
0.36597535
1.0450915
-0.2843067
-0.68522596
-0.4202479
0.086834684
1.6459816
0.45042616
1.2750962
-0.33746845
1.2122121
1.0481093
-1.0263162
1.7881743
-2.063871
0.16074757
-1.1971102
0.650614
-0.7639822
-0.048059687
-1.4182091
0.16905735
-0.37551692
0.8279905
-0.17189069
0.6638763
-0.061418843
0.04204864
-0.007561171
1.75974
-0.41479942
0.26453033
-0.8490993
0.91934043
-1.3085753
0.31778884
1.888169
0.7252885
0.21279757
-0.61177814
-0.72798425
-0.6198869
-2.5285597
-0.59164274
-1.4040905
-0.4982045
-0.17450275
2.7808805
-1.0471543
-0.9961608
0.50751144
0.05960034
-0.19938894
-0.9788315
-1.1266053
0.38472506
0.002722699
0.09134709
-0.44712707
1.9914991
-0.21418312
0.100444816
0.2442289
-0.88965374
1.5403724
0.58839494
2.6365902
-1.9788657
-1.0713744
1.0159546
-0.60652703
-0.7401637
-1.1725825
-1.7095845
-1.4461805
-1.0681127
-0.64807177
1.422954
-1.0536127
-1.4056281
0.72059685
-1.0550429
0.5997353
0.5546424
-0.3423062
-1.0627513
-0.887461
-0.92120004
0.61729425
0.25087196
1.430197
-1.06568
0.33699754
-1.2055924
-0.081744574
0.7410332
-1.6902416
0.2332311
0.19848844
0.38816074
0.09091748
0.09629091
-0.91532314
-1.156607
-0.3780211
-1.1709876
-0.88183385
-0.5938419
0.21445067
-0.50962853
0.66260725
0.3394334
0.37670606
-0.9074607
0.2644212
-0.867975
0.019943517
-0.8058942
0.8340767
0.50334394
0.1309495
-0.9264785
-1.2041608
1.3675147
0.8874311
-0.2692966
0.41363442
-0.08575088
0.33145323
1.0731536
-1.2629126
-0.77058107
0.157573
0.76356506
-0.11457754
-0.9106978
-1.0401016
0.54078186
0.63158256
-0.45444506
1.1810942
-0.757783
1.2320743
-2.2349901
0.39504814
-1.305633
2.0449045
0.032010857
0.62738425
-0.40970102
-0.35736182
0.2837509
0.28154862
-0.35012335
0.22614117
0.4606197
0.5397852
-0.43351838
-2.1227438
-1.065736
-1.3309034
-0.508935
0.6802919
-1.0051585
-0.14957415
-0.19521746
-1.0442502
-1.9146686
1.2854077
0.49143013
1.1368324
-0.40669337
-0.19347191
-1.1806129
-0.14354938
1.1139911
2.375846
1.0692523
0.40351516
-0.21177414
0.3247095
0.96894574
0.501927
1.1123762
1.1600381
1.7442319
-0.23967303
0.67401516
-0.22066578
0.11606744
-1.0557522
0.8227944
-0.47079948
0.37830314
-0.103010535
-0.6694386
-0.52659726
1.77689
-1.3241075
-0.16029817
-0.26249638
1.0020932
0.14048098
2.2911043
-1.5769224
0.71722883
-0.9256488
-2.4234731
0.62681836
0.35369644
-0.69158864
0.35459793
0.6022963
-0.24822125
2.13973
0.17244235
1.8144627
-0.8287742
-0.8472584
0.10461367
-0.43814066
-0.21557951
-0.33619952
-1.3627785
0.9164976
0.92609715
-0.22139645
-0.6282132
-1.6200631
-0.12863985
0.8237228
0.58787525
1.1670004
-0.62149453
-0.06300746
-0.5375318
-0.1821225
-0.57170415
-0.010202432
-0.25260293
0.96692014
-0.35134012
-0.84586453
0.8704039
0.17970757
-0.5027933
-1.6002241
-0.52505064
-1.356692
-2.2332067
-0.73694664
0.16726801
1.0662473
1.8422309
-0.5489499
-1.0174779
-2.100531
-0.47931075
-1.5185536
0.6418903
0.8600873
0.8983771
1.0893286
-0.16418435
-0.04694625
0.79231834
0.892128
-0.83674437
-1.7542095
-0.37855875
2.038511
-0.24519217
1.1946657
-1.0725921
2.082837
-0.32176882
0.33595243
-0.70584536
0.86864674
-0.9132769
-0.6562007
0.6133863
-0.5665344
0.18810473
1.488645
1.1040504
0.76626337
0.045056686
-0.049385898
0.114405766
-1.2341805
-2.6439276
-1.4872782
0.52428806
-0.8200496
-0.4136794
1.1569953
-0.5025114
-1.3489637
0.5953861
0.30615464
-0.86738956
1.0425742
-0.0756848
-0.49095017
-1.3020151
-0.6804571
0.85674006
-0.78874946
-1.7183214
0.08563471
-0.45732665
-1.3271438
-0.35893798
0.061011415
-0.8316949
2.3701057
-0.46008137
0.7768727
0.6127925
0.9900299
-0.1500056
-0.39597973
-1.8693109
0.8777893
0.2329526
-0.009536308
0.1087481
-1.4947067
0.5554106
0.9433906
0.7845993
-0.7572991
-0.26372153
-1.1036245
-0.23216821
-0.18421847
-2.7043314
-0.8156857
-1.7208228
0.018351773
1.5969371
1.1318041
-1.2400545
1.1538376
-0.34598693
-1.1804887
1.4077263
0.37558368
-2.1975489
-1.0536233
-1.6811656
0.43219286
-1.1426044
-0.62895155
-0.7371204
1.3122394
-0.3802142
-0.17865247
-0.2592745
1.0873693
1.4249011
0.9013035
-0.40696335
-0.6958267
0.5522753
-0.9906834
2.7965715
-0.35750133
-0.071356356
-0.7288192
-1.3738556
0.40957996
1.2583913
0.97864807
0.009146803
0.8157876
0.026556633
0.2905058
0.009983828
-0.8246027
0.38704214
-0.3837175
-0.29133776
-0.49230412
0.45299846
-0.09195612
2.3875961
0.43455434
0.18948719
1.6925247
-0.17216021
1.4517256
0.82250535
-1.2638903
-1.3281035
0.2914015
0.53211373
-0.14235348
0.75420254
-0.5366121
-0.24955952
-1.5124998
0.82160366
-1.8347479
-0.7987102
-1.045932
0.8091211
-0.9833236
1.0987191
1.7283485
-1.2137843
1.2250189
1.6279116
0.5120063
1.0988356
0.6736058
-0.08228123
0.3229044
0.74164784
-0.8473901
0.6375907
0.023673581
-0.5963682
0.6575244
-2.3244803
-0.2854066
1.0976776
-0.28107828
1.5351351
0.1497529
0.1630271
-0.12917458
-2.1057413
0.6700225
-1.1573838
-1.0330018
0.9035494
-0.824806
-1.3702315
-0.29958773
2.6932285
-0.8435226
0.6809673
-0.5426189
-1.7328134
-0.07310618
-1.6499354
-0.83725363
0.158097
0.46305114
-0.2843268
1.3687617
0.5323384
0.13819402
0.55422026
0.9125815
-0.8777877
0.55413675
-0.78777766
1.1393765
-1.1769048
0.40214077
0.44771397
-0.63646257
0.72731835
-0.24911116
1.576651
1.1798153
0.02322642
-0.8438287
0.29569197
1.7647284
0.6907007
1.2408696
1.5024794
0.1233913
1.2987478
0.7123698
1.7693659
-1.1389015
-0.78190655
-0.52576935
-0.65674335
0.43790904
0.82428885
-1.1135287
0.9114171
-0.29972404
-0.4520601
0.26931825
2.079737
0.21957912
0.6541139
-0.7990329
-1.545289
-0.5830912
0.7311233
-0.1553771
0.5846683
-0.31502223
-0.33384195
0.25400987
1.3992357
0.039185613
0.77512234
0.5297037
0.38501313
1.6621003
0.24466959
-0.9120843
-0.08195308
0.6956417
-0.96222365
0.28072223
0.26049423
-0.18800901
0.24142417
0.6256936
0.4331921
-1.4337397
0.54727405
1.2239233
-1.6996872
-0.1007556
-1.9629724
-0.46579078
-0.39788562
-0.06509527
0.53307074
-0.16225927
-0.72047824
-0.3442704
1.2615943
-0.9726956
0.66727036
-1.097318
0.08543773
-0.1628081
1.0776201
-0.81819147
-0.25485712
0.9879076
1.8710108
0.21518238
0.16888846
-1.7611068
-0.14501207
-0.08943527
-0.26467508
0.7236814
-0.041049235
2.112115
0.4372089
0.81905466
0.17386323
0.21468994
-0.42075607
-0.5339122
0.8592491
-1.3742162
-1.7990315
-0.42871323
0.24735619
1.7154801
1.1087897
0.9234095
0.48113808
0.85124487
1.5088997
-0.4776761
-0.018481167
-0.40098113
1.3603295
-0.68952256
1.3273808
0.310769
0.63413584
-0.22930837
-1.5859283
-0.5408852
0.38736796
0.27132237
-0.4050231
-0.61592185
-1.2805643
2.5479932
0.86974686
-1.1339456
0.23075336
1.9993337
0.8643647
1.3337897
2.0717812
0.03139244
-0.124417506
-0.87900543
0.80474347
-1.0108321
1.3314787
-1.3067453
0.9661644
-0.53756577
1.1411637
1.3101151
1.3991444
-1.0703304
-0.6611206
0.27124488
-0.45474392
-0.96178544
1.838402
0.38013762
1.409061
-0.8381915
0.7200771
-1.1378685
1.7626524
0.70204014
-0.18137059
-0.057487357
-0.20540608
-2.2633116
1.1573392
-1.5649372
0.48095334
1.0574661
-1.1229354
2.0418549
1.2802491
0.8004802
0.5473124
-1.0042226
0.5633559
-1.5786097
0.07252712
1.5500298
-0.09375341
0.6466693
-0.28293046
0.9673538
0.18656482
0.12731844
0.7751179
0.21482334
0.91653895
0.7320521
-0.48609063
-0.2686331
0.24376212
1.1279454
0.029744754
1.2407863
0.29381934
-0.64437735
-1.0357358
0.37653157
0.58514
-1.0297956
-0.37753543
-0.73029757
-1.7360469
-1.3406241
0.5558282
0.1437958
1.0241129
0.38978294
0.27665433
0.25575995
-2.0362167
-0.3355784
-2.2672436
-0.2896504
-0.473974
0.0308843
-0.67604727
-0.027056443
1.5206201
-0.9412174
-0.2946728
-0.20454276
0.87890875
-0.14924504
0.66472507
0.27762312
-1.2109973
-0.6831482
0.4528563
0.2903259
1.1657096
1.9581468
-1.4491179
0.21574196
-1.639615
0.26840252
1.2681704
-0.20392765
0.53514266
-1.3629639
1.5049134
0.5252843
-0.8849228
2.0772052
-1.0551693
-0.4689551
1.3578986
-0.9097017
1.3445957
-1.500104
0.26338696
0.54133594
1.9388505
0.69514036
0.11710896
0.8012781
0.729247
0.45583397
0.5796257
-0.70430464
0.97498167
1.0971264
-0.93574
0.44855157
0.03731821
-1.7716022
0.26129523
-0.5572104
1.2096237
-0.46623072
-1.0767962
-0.71392334
0.231544
-0.48765677
0.7990754
0.5629936
1.6827769
1.0324235
-0.17918204
0.04183159
-0.7589074
0.77917594
-0.09851872
-0.78647566
0.6147922
-0.71747565
2.5901268
1.4386549
-0.5260158
-0.33868444
0.61181533
0.799404
-0.32608506
-0.12984514
-1.006307
-0.45768318
0.4598064
-0.20451461
0.6538885
1.6174638
0.5898726
-0.91715103
0.69839203
-0.016002415
0.13721532
-0.014981662
-0.08849608
-0.0310198
1.2788842
1.103357
-0.8652655
0.26001987
-2.1675057
2.3467693
0.21330944
0.79736185
-0.6148775
-0.13255842
0.46917626
1.066877
-0.8969406
1.7141473
-0.746838
-1.3661128
0.09392833
0.38104722
0.73358345
-0.06451148
0.46635753
-0.6447261
0.06807763
0.5468382
0.9332278
-1.0258213
-0.90195376
0.96344554
0.54547924
-2.0603085
1.5223956
-1.2691662
-0.082489155
0.82373405
0.48608384
-0.3461981
-1.0417576
-2.0639756
1.8742303
-7.235884E-4
-1.2811663
-1.4267186
0.7696411
0.25858575
-0.10109639
0.83361214
-0.17388882
0.1319649
-0.8988608
1.3581964
-0.5762249
-0.74387664
-0.041253332
2.5078008
0.3332675
0.8496658
-1.2406324
-0.96262854
-0.026102472
0.57096237
-0.3952527
-0.32730702
0.041792843
0.39382094
0.6555798
1.1502745
-0.310384
0.73869413
-1.2059098
0.14419919
0.15752792
-0.08751221
-0.2404368
0.76835686
0.39106113
-1.8178282
1.8506445
-1.197307
0.68621254
0.15964086
0.5370808
-0.19272663
-0.8289494
0.57240283
-0.21840377
1.2835089
-1.0528095
-0.90082884
0.56520677
-1.3875777
0.1797744
0.7266789
-0.13321051
-0.28090367
-0.61792314
0.4678354
1.400539
-0.3711791
0.9728561
-0.2368659
-1.4144322
1.1728377
-0.28895625
-1.357622
0.7012696
0.20867898
-0.7693961
0.60413104
-0.16961221
1.4212309
-0.7476665
-0.15056945
0.5831062
0.8908716
-1.2678726
0.7586634
0.26572296
-1.5003992
0.741555
-2.1387672
0.032671157
-0.1968525
-1.8957872
1.2740527
-0.119795956
0.44439423
1.5348814
1.0634986
0.83934075
0.37881142
0.07315592
-0.054740828
0.6826327
-1.0610601
0.1975859
1.2252456
-0.39041469
-0.33085227
-0.53384995
-1.4983039
-0.26445216
1.2205175
-0.018065406
-0.9896884
-2.4005768
1.5469545
0.16558981
-0.5484081
0.57456046
1.0414829
-1.7881147
-0.44416845
1.1480877
-0.82866114
0.3477555
-0.46062058
-0.9014541
-0.5728508
0.4425864
-0.22111459
1.2260607
-1.0085703
-1.3971467
0.53302467
-1.6491977
-0.9170778
-2.4386811
0.1371115
-0.122233644
-1.3627675
-0.45325354
-0.22983019
-0.58768016
0.2959391
0.18189524
-0.33674726
1.3057806
-0.6096691
-1.9105966
-0.632564
0.45114097
-0.7870774
1.5281111
0.04077649
-2.4908073
-1.5620465
0.28299022
1.3204175
-0.18294583
0.6908119
0.19431849
0.44540447
0.05287064
-0.38449004
-1.2939893
-0.73938096
0.7851206
-0.10148949
0.12806503
0.53519905
-1.5869455
0.68365747
-0.29671982
0.9807397
-0.33590865
-0.07610842
0.19372874
0.11601715
1.1684116
-1.1698315
1.1330417
-0.41170758
0.16345155
-0.16031478
0.08761047
-0.17272651
-0.20763625
-1.291283
0.6776731
-1.498257
-0.24953784
-0.6291641
-0.13933897
-1.7793072
0.4920887
0.4872728
0.6847167
1.87366
0.6055495
-1.6561363
-0.3274877
-0.6873214
-1.5830091
-1.3819482
0.99837524
-0.11300993
-0.7899028
0.25408992
-0.3017864
0.23159745
-1.7401386
-0.4658557
-0.25876755
0.58065856
0.23794961
0.50658166
-0.17173469
0.9307246
-1.2777003
1.3296208
0.03538578
-0.006223917
-0.6000129
1.8097005
0.33738586
-2.197445
-0.61840266
0.3278848
-0.073485106
0.097413786
-0.48363402
-0.77707934
0.4924012
-0.78792197
0.4467639
-1.4413089
-2.4137855
0.46750227
-1.2045933
0.011210858
-0.11637656
1.0952232
-0.3497172
-0.21779896
-0.8339832
0.13221127
-1.1971823
0.40021983
0.6732447
-0.25729144
0.81150985
-1.1234648
-0.87697244
-0.30531508
1.3710437
-0.6665712
-0.5581755
-0.7457366
-0.7452257
-1.1033022
-0.37693545
-0.7297417
1.4688785
0.6562984
-0.64582074
-0.016883003
1.4625467
1.407694
-0.8872074
-1.5251789
2.8932695
-0.23690785
-0.13215317
-1.026872
-0.19154876
0.3940122
-1.6097971
-0.7233632
-1.2347654
0.330732
-0.94657636
2.5955484
0.5168285
-0.12167514
1.2980889
0.40354872
1.1908123
-1.0932647
-0.95929796
-0.8625234
-1.6826671
-0.5443776
-0.6943988
0.29103827
-0.38205537
0.58315766
-0.2818539
-0.05058896
-0.8984196
-1.3398231
0.25846565
0.90015167
0.61123806
-0.057774756
0.32562554
1.1175394
0.21153486
-1.7801452
-1.6500224
-0.49903324
1.3901095
-0.73303455
-0.022704322
0.12325578
-0.8850007
1.5714456
-0.6737714
0.5393121
0.41770044
1.1297264
0.93147594
0.43703848
-1.0593804
-0.8659249
0.12427655
2.9816957
-2.2797134
-0.54572624
-0.50806665
0.030522535
-1.1770612
0.77551407
0.26949778
0.7965476
-0.3616027
1.1910062
0.8911429
-0.9321951
1.479723
-0.6429626
-0.8286917
1.3073896
-0.59953284
1.3071553
-0.37158224
1.3881769
-0.032767776
-0.83921134
0.9864748
-0.03150781
-1.0194539
0.47665697
1.9206944
1.7130582
0.3783794
0.7338614
1.238789
0.79329777
-0.323257
-1.3014939
0.42144445
2.1672807
1.3249818
1.2828603
0.10360783
0.3700162
-1.0367951
-0.8813859
-0.043136336
0.55524486
0.5504499
1.2959807
-0.3078066
2.1642122
1.1733657
0.04320337
-0.991279
-1.3828888
-0.3820754
0.5149633
-0.77689123
0.46315834
-0.65595347
-0.3387277
1.3507657
-0.5895653
0.33310822
2.1937675
0.9170624
0.049125444
-2.2183516
-1.5050892
0.19550478
0.9347668
2.258391
-0.50485843
-1.2785137
-1.3025454
-1.3876554
-0.7564988
-0.71179885
0.061944216
0.7304413
-0.06336332
-1.2144052
2.322817
-0.7302373
-0.35918546
-0.4844753
0.49483126
-1.2035928
0.22497489
-1.6438892
0.9121417
-0.37784547
-0.46530855
-0.5270929
0.14867632
-0.84123886
